0.0
0.0
0.0
0.0
0.0
0.0
0.0
0.0
0.0
0.0
0.0
0.0
0.0
0.0
0.0
0.0
0.0
0.0
0.0
0.0
0.0
0.0
0.0
0.0
0.0
0.0
0.0
0.0
1.0
3.0
0.0
1.0
2.0
1.0
1.0
2.0
0.0
0.0
1.0
1.0
0.0
0.0
0.0
2.0
0.0
0.0
0.0
0.0
0.0
0.0
0.0
0.0
0.0
0.0
0.0
0.0
0.0
2.0
4.0
26.0
10.0
54.0
18.0
28.0
39.0
66.0
138.0
284.0
163.0
55.0
237.0
157.0
271.0
802.0
693.0
733.0
1043.0
1174.0
1144.0
1042.0
5940.0
4049.0
3276.0
3311.0
4438.0
2342.0
4954.0
5780.0
6294.0
3965.0
4751.0
4615.0
5453.0
6156.0
6174.0
6082.0
5936.0
3677.0
3834.0
4003.0
4974.0
5323.0
4133.0
2821.0
2537.0
2082.0
2486.0
2866.0
3380.0
3609.0
2458.0
1775.0
1785.0
2237.0
2352.0
2337.0
2055.0
1737.0
1018.0
1144.0
1304.0
1478.0
0.0
2584.0
793.0
679.0
685.0
1037.0
1194.0
1209.0
1251.0
667.0
357.0
933.0
798.0
933.0
913.0
620.0
583.0
342.0
