0.0
0.0
0.0
0.0
0.0
0.0
0.0
0.0
0.0
0.0
0.0
0.0
0.0
0.0
0.0
0.0
0.0
0.0
0.0
0.0
0.0
0.0
0.0
0.0
0.0
0.0
0.0
0.0
0.0
0.0
0.0
0.0
0.0
0.0
0.0
0.0
0.0
0.0
0.0
0.0
0.0
0.0
0.0
0.0
0.0
0.0
0.0
0.0
0.0
0.0
0.0
0.0
0.0
0.0
0.0
0.0
0.0
0.0
0.0
0.0
0.0
1.0
0.0
3.0
2.0
7.0
7.0
10.0
22.0
26.0
37.0
7.0
14.0
24.0
30.0
4.0
71.0
25.0
39.0
43.0
52.0
0.0
58.0
50.0
39.0
92.0
73.0
34.0
52.0
11.0
20.0
28.0
40.0
16.0
30.0
46.0
26.0
72.0
48.0
42.0
47.0
43.0
48.0
62.0
72.0
50.0
73.0
81.0
69.0
62.0
59.0
65.0
0.0
134.0
82.0
125.0
113.0
121.0
112.0
163.0
102.0
145.0
146.0
138.0
79.0
146.0
180.0
142.0
184.0
239.0
189.0
