0.0
0.0
0.0
0.0
0.0
0.0
0.0
0.0
0.0
0.0
0.0
0.0
0.0
0.0
0.0
0.0
0.0
0.0
0.0
0.0
0.0
0.0
0.0
0.0
0.0
0.0
0.0
0.0
0.0
0.0
0.0
0.0
0.0
0.0
0.0
0.0
0.0
0.0
0.0
0.0
0.0
0.0
0.0
0.0
0.0
0.0
0.0
0.0
0.0
0.0
0.0
0.0
0.0
0.0
0.0
0.0
0.0
2.0
0.0
3.0
2.0
3.0
4.0
4.0
6.0
5.0
12.0
33.0
25.0
3.0
29.0
51.0
64.0
115.0
143.0
151.0
205.0
156.0
316.0
314.0
550.0
453.0
375.0
607.0
855.0
796.0
606.0
1141.0
668.0
594.0
522.0
805.0
564.0
529.0
418.0
396.0
241.0
217.0
314.0
343.0
329.0
279.0
312.0
247.0
130.0
106.0
191.0
136.0
78.0
155.0
59.0
48.0
73.0
50.0
91.0
61.0
83.0
66.0
55.0
67.0
58.0
50.0
60.0
34.0
12.0
68.0
31.0
17.0
65.0
22.0
62.0
42.0
10.0
87.0
36.0
54.0
41.0
63.0
72.0
14.0
