0.0
0.0
0.0
0.0
0.0
0.0
0.0
0.0
0.0
0.0
0.0
0.0
0.0
0.0
0.0
0.0
0.0
0.0
0.0
0.0
0.0
0.0
0.0
0.0
0.0
1.0
3.0
0.0
0.0
0.0
2.0
1.0
2.0
2.0
0.0
0.0
1.0
1.0
1.0
0.0
0.0
0.0
0.0
0.0
0.0
1.0
0.0
0.0
0.0
0.0
0.0
0.0
2.0
4.0
1.0
0.0
0.0
0.0
1.0
0.0
2.0
1.0
3.0
4.0
8.0
11.0
7.0
4.0
11.0
6.0
20.0
12.0
14.0
30.0
41.0
52.0
49.0
77.0
79.0
111.0
144.0
165.0
224.0
611.0
114.0
600.0
376.0
367.0
212.0
431.0
284.0
464.0
150.0
269.0
248.0
324.0
139.0
57.0
100.0
112.0
96.0
100.0
86.0
51.0
33.0
44.0
50.0
42.0
39.0
36.0
53.0
26.0
13.0
22.0
7.0
13.0
20.0
16.0
10.0
12.0
13.0
8.0
16.0
5.0
16.0
18.0
24.0
24.0
26.0
21.0
18.0
15.0
12.0
7.0
16.0
11.0
14.0
30.0
17.0
9.0
