0.0
0.0
0.0
0.0
0.0
0.0
0.0
0.0
0.0
0.0
0.0
0.0
0.0
0.0
0.0
0.0
0.0
0.0
0.0
0.0
0.0
0.0
0.0
0.0
0.0
0.0
0.0
0.0
0.0
0.0
0.0
0.0
0.0
0.0
0.0
0.0
0.0
0.0
0.0
0.0
0.0
0.0
0.0
0.0
0.0
0.0
0.0
0.0
0.0
0.0
0.0
0.0
0.0
0.0
0.0
0.0
0.0
0.0
0.0
1.0
0.0
0.0
0.0
0.0
3.0
2.0
0.0
0.0
0.0
0.0
0.0
3.0
3.0
9.0
0.0
0.0
6.0
9.0
0.0
10.0
11.0
0.0
19.0
0.0
5.0
0.0
5.0
0.0
8.0
0.0
0.0
11.0
47.0
0.0
102.0
97.0
43.0
170.0
136.0
161.0
205.0
420.0
495.0
245.0
352.0
341.0
362.0
447.0
476.0
575.0
0.0
0.0
1485.0
459.0
558.0
741.0
751.0
817.0
873.0
826.0
919.0
973.0
846.0
890.0
911.0
877.0
784.0
861.0
905.0
913.0
933.0
951.0
921.0
933.0
967.0
952.0
947.0
958.0
951.0
969.0
