0.0
0.0
0.0
0.0
0.0
0.0
0.0
0.0
0.0
0.0
0.0
0.0
0.0
0.0
0.0
0.0
0.0
0.0
0.0
0.0
0.0
0.0
0.0
0.0
0.0
0.0
0.0
0.0
0.0
0.0
0.0
0.0
0.0
0.0
0.0
1.0
0.0
0.0
0.0
0.0
0.0
0.0
0.0
0.0
0.0
0.0
0.0
0.0
0.0
0.0
0.0
0.0
0.0
0.0
0.0
0.0
0.0
0.0
0.0
0.0
0.0
0.0
1.0
6.0
5.0
10.0
27.0
59.0
60.0
31.0
39.0
28.0
47.0
85.0
160.0
130.0
197.0
199.0
158.0
243.0
309.0
462.0
558.0
586.0
342.0
526.0
668.0
1298.0
1049.0
1850.0
1702.0
1063.0
876.0
1189.0
1384.0
1422.0
1661.0
1260.0
1123.0
1380.0
1209.0
1580.0
1684.0
1351.0
1629.0
942.0
530.0
2454.0
1236.0
1329.0
1045.0
1313.0
1487.0
973.0
933.0
908.0
1496.0
1032.0
809.0
553.0
647.0
525.0
660.0
513.0
485.0
389.0
361.0
242.0
272.0
639.0
591.0
585.0
485.0
368.0
330.0
202.0
307.0
356.0
345.0
291.0
