27.0
0.0
0.0
17.0
0.0
15.0
0.0
0.0
0.0
0.0
0.0
0.0
0.0
0.0
0.0
0.0
0.0
4.0
17.0
136.0
19.0
151.0
140.0
97.0
259.0
441.0
665.0
787.0
1753.0
1466.0
1740.0
1980.0
2095.0
2590.0
2812.0
3237.0
3872.0
3727.0
3160.0
3418.0
2607.0
2974.0
2490.0
2028.0
15141.0
4156.0
2538.0
2007.0
2052.0
1890.0
1750.0
394.0
891.0
826.0
647.0
218.0
515.0
410.0
439.0
329.0
428.0
574.0
205.0
127.0
119.0
117.0
170.0
101.0
46.0
45.0
20.0
29.0
24.0
22.0
19.0
22.0
25.0
43.0
23.0
44.0
99.0
52.0
65.0
138.0
69.0
78.0
102.0
94.0
119.0
113.0
98.0
84.0
54.0
100.0
70.0
62.0
48.0
67.0
56.0
86.0
86.0
55.0
79.0
93.0
112.0
94.0
49.0
50.0
352.0
31.0
18.0
14.0
32.0
15.0
12.0
8.0
15.0
10.0
3.0
26.0
2.0
4.0
12.0
3.0
2.0
3.0
2.0
2.0
2.0
6.0
0.0
15.0
19.0
1.0
7.0
6.0
5.0
9.0
6.0
10.0
