0.0
0.0
0.0
0.0
0.0
0.0
0.0
0.0
0.0
0.0
0.0
0.0
0.0
0.0
0.0
0.0
0.0
0.0
0.0
0.0
0.0
0.0
0.0
0.0
0.0
0.0
0.0
0.0
0.0
0.0
0.0
0.0
0.0
0.0
0.0
0.0
0.0
0.0
0.0
0.0
0.0
0.0
0.0
0.0
0.0
0.0
0.0
0.0
0.0
0.0
0.0
0.0
0.0
0.0
0.0
0.0
0.0
1.0
1.0
1.0
2.0
0.0
2.0
1.0
1.0
0.0
1.0
1.0
1.0
0.0
0.0
1.0
3.0
9.0
6.0
6.0
11.0
8.0
13.0
12.0
23.0
22.0
80.0
29.0
71.0
76.0
36.0
77.0
91.0
71.0
56.0
77.0
77.0
96.0
48.0
68.0
47.0
56.0
40.0
60.0
61.0
64.0
88.0
39.0
66.0
50.0
54.0
37.0
50.0
23.0
18.0
39.0
10.0
27.0
42.0
31.0
28.0
7.0
14.0
9.0
8.0
15.0
14.0
9.0
3.0
8.0
5.0
11.0
7.0
6.0
36.0
15.0
11.0
9.0
11.0
6.0
8.0
1.0
2.0
2.0
