0.0
0.0
0.0
0.0
0.0
0.0
0.0
0.0
0.0
0.0
0.0
0.0
0.0
0.0
0.0
0.0
0.0
0.0
0.0
0.0
0.0
0.0
0.0
0.0
0.0
0.0
0.0
0.0
0.0
0.0
0.0
0.0
0.0
0.0
0.0
0.0
0.0
0.0
0.0
0.0
0.0
0.0
0.0
0.0
0.0
0.0
0.0
0.0
0.0
0.0
0.0
0.0
0.0
0.0
0.0
0.0
0.0
0.0
1.0
0.0
1.0
1.0
1.0
1.0
3.0
2.0
10.0
3.0
8.0
7.0
75.0
151.0
252.0
160.0
128.0
23.0
48.0
57.0
92.0
91.0
36.0
104.0
71.0
69.0
65.0
131.0
133.0
153.0
169.0
155.0
194.0
182.0
283.0
247.0
279.0
371.0
320.0
292.0
312.0
390.0
331.0
233.0
184.0
177.0
178.0
144.0
193.0
170.0
198.0
194.0
169.0
142.0
131.0
180.0
217.0
161.0
137.0
235.0
130.0
123.0
153.0
157.0
150.0
153.0
96.0
116.0
147.0
151.0
162.0
100.0
135.0
101.0
110.0
84.0
78.0
76.0
46.0
78.0
67.0
69.0
