0.0
0.0
0.0
0.0
0.0
0.0
0.0
0.0
0.0
0.0
0.0
0.0
0.0
0.0
0.0
0.0
0.0
0.0
0.0
0.0
0.0
0.0
0.0
0.0
0.0
0.0
0.0
0.0
0.0
0.0
0.0
0.0
0.0
0.0
0.0
0.0
0.0
0.0
0.0
0.0
0.0
0.0
0.0
0.0
0.0
0.0
0.0
0.0
0.0
0.0
0.0
0.0
0.0
0.0
0.0
0.0
0.0
0.0
0.0
0.0
0.0
0.0
1.0
1.0
3.0
6.0
0.0
0.0
0.0
0.0
10.0
0.0
13.0
78.0
90.0
43.0
67.0
80.0
96.0
93.0
138.0
140.0
42.0
208.0
175.0
96.0
108.0
90.0
167.0
83.0
128.0
155.0
238.0
271.0
139.0
208.0
200.0
119.0
328.0
141.0
371.0
209.0
345.0
284.0
80.0
256.0
243.0
206.0
177.0
209.0
0.0
281.0
236.0
320.0
316.0
290.0
376.0
281.0
245.0
327.0
288.0
281.0
506.0
465.0
287.0
266.0
296.0
124.0
419.0
154.0
421.0
