0.0
0.0
0.0
0.0
0.0
0.0
0.0
0.0
0.0
0.0
0.0
0.0
0.0
0.0
0.0
0.0
0.0
0.0
0.0
0.0
0.0
0.0
0.0
0.0
0.0
0.0
0.0
0.0
0.0
0.0
0.0
0.0
0.0
0.0
0.0
0.0
0.0
0.0
0.0
0.0
0.0
0.0
0.0
0.0
0.0
0.0
1.0
0.0
0.0
0.0
0.0
0.0
0.0
0.0
0.0
0.0
0.0
0.0
0.0
0.0
0.0
0.0
1.0
1.0
12.0
34.0
6.0
4.0
1.0
20.0
13.0
0.0
17.0
16.0
40.0
30.0
14.0
46.0
29.0
9.0
33.0
39.0
76.0
14.0
39.0
41.0
40.0
33.0
47.0
54.0
69.0
0.0
206.0
85.0
3.0
249.0
238.0
139.0
95.0
145.0
126.0
125.0
160.0
155.0
168.0
171.0
188.0
112.0
189.0
157.0
0.0
169.0
433.0
227.0
0.0
463.0
260.0
226.0
269.0
358.0
298.0
272.0
348.0
388.0
387.0
393.0
495.0
488.0
436.0
346.0
347.0
338.0
398.0
399.0
491.0
510.0
