0.0
0.0
0.0
0.0
0.0
0.0
0.0
0.0
0.0
0.0
0.0
0.0
0.0
0.0
0.0
0.0
0.0
0.0
0.0
0.0
0.0
0.0
0.0
0.0
0.0
0.0
0.0
0.0
0.0
0.0
0.0
0.0
0.0
0.0
0.0
0.0
0.0
0.0
0.0
0.0
0.0
0.0
0.0
0.0
0.0
0.0
0.0
0.0
0.0
0.0
0.0
0.0
0.0
0.0
0.0
0.0
0.0
0.0
0.0
1.0
0.0
0.0
0.0
0.0
1.0
0.0
3.0
5.0
0.0
0.0
0.0
3.0
3.0
11.0
52.0
36.0
56.0
34.0
20.0
33.0
9.0
16.0
23.0
20.0
26.0
17.0
35.0
134.0
37.0
65.0
39.0
36.0
30.0
34.0
79.0
103.0
57.0
79.0
11.0
41.0
36.0
22.0
51.0
46.0
5.0
23.0
41.0
29.0
32.0
25.0
53.0
16.0
7.0
17.0
7.0
33.0
13.0
30.0
8.0
4.0
13.0
6.0
23.0
5.0
5.0
1.0
3.0
8.0
2.0
7.0
5.0
8.0
6.0
2.0
5.0
5.0
7.0
8.0
4.0
4.0
