0.0
0.0
0.0
0.0
0.0
0.0
0.0
0.0
0.0
0.0
0.0
0.0
0.0
0.0
0.0
0.0
0.0
0.0
0.0
0.0
0.0
0.0
0.0
0.0
0.0
0.0
0.0
0.0
0.0
0.0
1.0
0.0
0.0
0.0
0.0
0.0
0.0
0.0
0.0
0.0
0.0
0.0
0.0
0.0
0.0
0.0
0.0
0.0
0.0
0.0
0.0
0.0
0.0
0.0
0.0
0.0
0.0
0.0
1.0
0.0
1.0
0.0
3.0
0.0
1.0
0.0
5.0
7.0
0.0
11.0
10.0
0.0
19.0
96.0
28.0
27.0
57.0
5.0
47.0
50.0
31.0
50.0
71.0
105.0
74.0
92.0
88.0
78.0
67.0
193.0
0.0
95.0
71.0
62.0
72.0
97.0
267.0
45.0
249.0
132.0
179.0
118.0
164.0
136.0
69.0
90.0
97.0
76.0
132.0
120.0
192.0
102.0
85.0
146.0
115.0
155.0
111.0
80.0
101.0
119.0
45.0
166.0
89.0
56.0
128.0
75.0
73.0
85.0
161.0
100.0
65.0
142.0
82.0
22.0
19.0
51.0
91.0
83.0
58.0
61.0
