0.0
0.0
0.0
0.0
0.0
0.0
0.0
0.0
0.0
0.0
0.0
0.0
0.0
0.0
0.0
0.0
0.0
0.0
0.0
0.0
0.0
0.0
0.0
0.0
0.0
3.0
0.0
0.0
0.0
1.0
1.0
1.0
0.0
0.0
0.0
0.0
0.0
0.0
0.0
5.0
0.0
0.0
0.0
0.0
0.0
0.0
0.0
0.0
1.0
0.0
0.0
0.0
0.0
0.0
0.0
0.0
0.0
2.0
3.0
21.0
19.0
43.0
30.0
48.0
34.0
73.0
138.0
190.0
103.0
410.0
286.0
372.0
497.0
595.0
785.0
838.0
924.0
1210.0
1097.0
1404.0
1861.0
1617.0
1847.0
1559.0
3838.0
2446.0
2931.0
3922.0
3809.0
4611.0
2599.0
4376.0
7578.0
4861.0
2116.0
5233.0
4267.0
1873.0
3912.0
3777.0
3881.0
4286.0
4342.0
3114.0
1613.0
2673.0
5497.0
2633.0
2641.0
405.0
2569.0
785.0
2051.0
2667.0
1827.0
1653.0
1773.0
1537.0
461.0
1195.0
1065.0
1607.0
1139.0
604.0
794.0
308.0
576.0
1104.0
4183.0
629.0
642.0
433.0
209.0
456.0
708.0
507.0
622.0
563.0
372.0
120.0
