0.0
0.0
0.0
0.0
0.0
0.0
0.0
0.0
0.0
0.0
0.0
0.0
0.0
0.0
0.0
0.0
0.0
0.0
0.0
0.0
0.0
0.0
0.0
0.0
0.0
0.0
0.0
0.0
0.0
0.0
0.0
0.0
0.0
0.0
0.0
0.0
0.0
0.0
0.0
0.0
0.0
0.0
0.0
0.0
0.0
0.0
0.0
0.0
0.0
0.0
0.0
0.0
0.0
0.0
0.0
0.0
0.0
0.0
1.0
0.0
1.0
1.0
0.0
0.0
6.0
3.0
1.0
2.0
8.0
1.0
1.0
5.0
0.0
0.0
3.0
1.0
0.0
6.0
3.0
6.0
5.0
7.0
9.0
3.0
6.0
2.0
4.0
5.0
8.0
12.0
5.0
6.0
27.0
9.0
17.0
14.0
8.0
15.0
7.0
16.0
8.0
15.0
15.0
28.0
6.0
42.0
22.0
18.0
6.0
8.0
6.0
8.0
9.0
19.0
12.0
30.0
11.0
14.0
6.0
22.0
43.0
0.0
7.0
4.0
11.0
6.0
5.0
8.0
3.0
9.0
3.0
4.0
5.0
20.0
4.0
24.0
6.0
