0.0
0.0
0.0
0.0
0.0
0.0
0.0
0.0
0.0
0.0
0.0
0.0
0.0
0.0
0.0
0.0
0.0
0.0
0.0
0.0
0.0
0.0
0.0
0.0
0.0
0.0
0.0
0.0
0.0
0.0
0.0
0.0
0.0
0.0
0.0
0.0
0.0
0.0
0.0
0.0
0.0
0.0
0.0
0.0
0.0
0.0
0.0
0.0
0.0
0.0
0.0
0.0
0.0
0.0
0.0
0.0
0.0
0.0
1.0
2.0
1.0
3.0
0.0
0.0
0.0
3.0
22.0
13.0
21.0
7.0
11.0
6.0
9.0
34.0
57.0
38.0
103.0
21.0
35.0
31.0
46.0
31.0
35.0
94.0
71.0
48.0
78.0
71.0
74.0
95.0
95.0
56.0
102.0
61.0
139.0
99.0
60.0
62.0
20.0
77.0
52.0
71.0
56.0
70.0
33.0
31.0
25.0
22.0
15.0
0.0
0.0
28.0
10.0
156.0
7.0
55.0
27.0
16.0
0.0
28.0
0.0
42.0
15.0
0.0
29.0
6.0
6.0
10.0
21.0
15.0
13.0
19.0
6.0
10.0
18.0
16.0
10.0
40.0
9.0
15.0
