0.0
0.0
0.0
0.0
0.0
0.0
0.0
0.0
0.0
0.0
0.0
0.0
0.0
0.0
0.0
0.0
0.0
0.0
0.0
0.0
0.0
0.0
0.0
0.0
0.0
0.0
0.0
0.0
0.0
0.0
0.0
0.0
0.0
0.0
0.0
0.0
0.0
0.0
0.0
0.0
0.0
0.0
0.0
0.0
0.0
0.0
0.0
0.0
0.0
0.0
0.0
0.0
0.0
0.0
0.0
0.0
0.0
0.0
0.0
0.0
1.0
0.0
2.0
3.0
10.0
10.0
9.0
8.0
10.0
2.0
10.0
5.0
15.0
32.0
0.0
21.0
40.0
21.0
48.0
3.0
80.0
79.0
64.0
95.0
20.0
60.0
89.0
65.0
88.0
73.0
57.0
66.0
49.0
85.0
99.0
45.0
53.0
69.0
76.0
24.0
30.0
32.0
27.0
14.0
12.0
10.0
9.0
7.0
12.0
15.0
6.0
11.0
2.0
5.0
7.0
4.0
0.0
1.0
2.0
0.0
3.0
2.0
0.0
1.0
0.0
1.0
0.0
0.0
0.0
2.0
0.0
0.0
0.0
0.0
0.0
1.0
0.0
0.0
0.0
0.0
