0.0
0.0
0.0
0.0
0.0
0.0
0.0
0.0
0.0
0.0
0.0
0.0
0.0
0.0
0.0
0.0
0.0
0.0
0.0
0.0
0.0
0.0
0.0
0.0
0.0
0.0
0.0
0.0
0.0
0.0
0.0
0.0
0.0
0.0
0.0
0.0
0.0
0.0
0.0
0.0
0.0
0.0
0.0
0.0
0.0
0.0
0.0
0.0
0.0
0.0
0.0
0.0
0.0
0.0
0.0
0.0
0.0
0.0
0.0
0.0
0.0
0.0
2.0
2.0
2.0
13.0
15.0
35.0
27.0
21.0
17.0
38.0
0.0
55.0
82.0
141.0
64.0
65.0
107.0
104.0
103.0
153.0
109.0
130.0
129.0
114.0
149.0
113.0
196.0
106.0
181.0
218.0
247.0
218.0
337.0
219.0
330.0
399.0
316.0
282.0
297.0
380.0
407.0
325.0
327.0
185.0
375.0
283.0
357.0
436.0
396.0
275.0
214.0
415.0
260.0
347.0
433.0
292.0
349.0
395.0
484.0
367.0
338.0
336.0
533.0
387.0
233.0
484.0
689.0
568.0
490.0
529.0
489.0
