0.0
0.0
0.0
0.0
0.0
0.0
0.0
0.0
0.0
0.0
0.0
0.0
0.0
0.0
0.0
0.0
0.0
0.0
0.0
0.0
0.0
0.0
0.0
0.0
0.0
0.0
0.0
0.0
0.0
0.0
0.0
0.0
0.0
0.0
0.0
0.0
0.0
0.0
0.0
0.0
0.0
0.0
0.0
0.0
0.0
0.0
0.0
0.0
0.0
0.0
0.0
2.0
3.0
13.0
10.0
15.0
18.0
34.0
44.0
106.0
143.0
205.0
385.0
523.0
835.0
586.0
591.0
1234.0
1076.0
743.0
595.0
881.0
958.0
1075.0
1289.0
1365.0
1209.0
1053.0
1178.0
1192.0
1046.0
1237.0
966.0
1028.0
1411.0
1762.0
2206.0
2389.0
2926.0
3076.0
2901.0
3186.0
3111.0
2987.0
2875.0
0.0
5275.0
2483.0
2274.0
2089.0
1997.0
1634.0
1972.0
1837.0
1657.0
1617.0
1574.0
1512.0
1606.0
1499.0
1374.0
1343.0
1294.0
1297.0
1194.0
1030.0
1168.0
1134.0
1153.0
991.0
1112.0
1073.0
983.0
1006.0
802.0
976.0
1223.0
1323.0
1680.0
1485.0
1556.0
1529.0
1383.0
1683.0
1481.0
1958.0
1808.0
2102.0
1757.0
1806.0
