0.0
0.0
0.0
0.0
0.0
0.0
0.0
0.0
0.0
0.0
0.0
0.0
0.0
0.0
0.0
0.0
0.0
0.0
0.0
0.0
0.0
0.0
0.0
0.0
0.0
0.0
0.0
0.0
0.0
0.0
0.0
0.0
0.0
0.0
0.0
0.0
0.0
0.0
0.0
0.0
0.0
0.0
0.0
0.0
0.0
0.0
0.0
0.0
0.0
0.0
0.0
0.0
0.0
0.0
0.0
0.0
1.0
4.0
0.0
1.0
1.0
6.0
6.0
2.0
5.0
5.0
7.0
16.0
7.0
0.0
9.0
4.0
11.0
0.0
39.0
0.0
30.0
10.0
13.0
16.0
21.0
19.0
33.0
50.0
30.0
36.0
76.0
48.0
41.0
83.0
64.0
0.0
78.0
0.0
106.0
83.0
70.0
0.0
171.0
30.0
47.0
39.0
34.0
26.0
22.0
15.0
19.0
48.0
0.0
57.0
35.0
28.0
0.0
75.0
31.0
55.0
57.0
27.0
0.0
156.0
82.0
68.0
66.0
77.0
50.0
85.0
49.0
63.0
60.0
76.0
88.0
51.0
95.0
119.0
111.0
50.0
67.0
144.0
