0.0
0.0
0.0
0.0
0.0
0.0
0.0
0.0
0.0
0.0
0.0
0.0
0.0
0.0
0.0
0.0
0.0
0.0
0.0
0.0
0.0
0.0
0.0
0.0
0.0
0.0
0.0
0.0
0.0
0.0
0.0
0.0
0.0
0.0
0.0
0.0
0.0
0.0
0.0
0.0
0.0
0.0
0.0
0.0
0.0
0.0
0.0
0.0
0.0
0.0
0.0
0.0
0.0
1.0
0.0
1.0
0.0
0.0
0.0
1.0
4.0
0.0
3.0
0.0
0.0
5.0
2.0
2.0
6.0
14.0
0.0
31.0
12.0
14.0
20.0
62.0
72.0
10.0
167.0
6.0
244.0
35.0
171.0
188.0
371.0
488.0
439.0
297.0
369.0
584.0
628.0
226.0
443.0
675.0
661.0
1176.0
590.0
412.0
474.0
344.0
156.0
564.0
440.0
335.0
402.0
441.0
460.0
455.0
257.0
224.0
283.0
226.0
222.0
229.0
650.0
290.0
176.0
240.0
100.0
68.0
123.0
245.0
112.0
155.0
84.0
23.0
38.0
43.0
21.0
71.0
55.0
18.0
23.0
29.0
23.0
19.0
31.0
10.0
19.0
9.0
