0.0
0.0
0.0
0.0
0.0
0.0
0.0
0.0
0.0
0.0
0.0
0.0
0.0
0.0
0.0
1.0
0.0
0.0
0.0
0.0
0.0
0.0
0.0
0.0
1.0
0.0
1.0
0.0
1.0
3.0
4.0
3.0
1.0
4.0
1.0
0.0
5.0
0.0
0.0
0.0
0.0
0.0
0.0
0.0
4.0
1.0
8.0
14.0
7.0
0.0
7.0
18.0
9.0
12.0
27.0
12.0
0.0
20.0
22.0
24.0
20.0
9.0
15.0
0.0
14.0
49.0
32.0
59.0
47.0
33.0
26.0
54.0
51.0
56.0
62.0
43.0
34.0
10.0
5.0
44.0
77.0
57.0
39.0
43.0
39.0
65.0
75.0
96.0
135.0
194.0
173.0
87.0
0.0
225.0
439.0
318.0
336.0
383.0
163.0
89.0
351.0
410.0
680.0
1401.0
507.0
390.0
455.0
482.0
585.0
628.0
566.0
390.0
367.0
378.0
276.0
468.0
652.0
290.0
203.0
191.0
276.0
236.0
193.0
263.0
295.0
218.0
174.0
123.0
109.0
84.0
81.0
119.0
51.0
76.0
150.0
55.0
114.0
44.0
48.0
20.0
