0.0
0.0
0.0
0.0
0.0
0.0
0.0
0.0
0.0
0.0
0.0
0.0
0.0
0.0
0.0
0.0
0.0
0.0
0.0
0.0
0.0
0.0
0.0
0.0
0.0
0.0
0.0
0.0
0.0
0.0
0.0
0.0
0.0
0.0
0.0
0.0
0.0
0.0
0.0
0.0
0.0
0.0
0.0
0.0
0.0
0.0
0.0
0.0
0.0
0.0
0.0
0.0
0.0
1.0
0.0
0.0
0.0
0.0
1.0
1.0
0.0
1.0
6.0
3.0
3.0
6.0
10.0
9.0
0.0
20.0
5.0
27.0
6.0
21.0
0.0
13.0
16.0
14.0
67.0
18.0
19.0
37.0
29.0
35.0
23.0
21.0
26.0
8.0
17.0
16.0
15.0
0.0
26.0
7.0
14.0
7.0
27.0
7.0
27.0
10.0
11.0
2.0
9.0
17.0
5.0
5.0
4.0
1.0
4.0
0.0
5.0
6.0
8.0
8.0
3.0
3.0
7.0
4.0
4.0
4.0
4.0
4.0
3.0
1.0
9.0
34.0
12.0
13.0
36.0
14.0
11.0
8.0
8.0
5.0
11.0
9.0
