0.0
0.0
0.0
0.0
0.0
0.0
0.0
0.0
0.0
0.0
0.0
0.0
0.0
0.0
0.0
0.0
0.0
0.0
0.0
0.0
0.0
0.0
0.0
0.0
0.0
0.0
0.0
0.0
0.0
0.0
0.0
0.0
0.0
0.0
0.0
0.0
0.0
0.0
0.0
0.0
0.0
0.0
0.0
0.0
0.0
0.0
0.0
0.0
0.0
0.0
0.0
0.0
0.0
0.0
0.0
0.0
0.0
0.0
0.0
0.0
0.0
1.0
0.0
2.0
2.0
2.0
0.0
19.0
12.0
39.0
4.0
59.0
70.0
135.0
139.0
186.0
128.0
77.0
224.0
234.0
120.0
152.0
226.0
119.0
38.0
190.0
141.0
168.0
125.0
117.0
75.0
39.0
127.0
64.0
81.0
108.0
47.0
11.0
11.0
15.0
66.0
71.0
36.0
57.0
13.0
8.0
60.0
36.0
11.0
30.0
16.0
12.0
6.0
12.0
28.0
15.0
18.0
10.0
12.0
4.0
12.0
11.0
8.0
12.0
6.0
9.0
2.0
6.0
10.0
11.0
8.0
7.0
15.0
