0.0
0.0
0.0
0.0
0.0
0.0
0.0
0.0
0.0
0.0
0.0
0.0
0.0
0.0
0.0
0.0
0.0
0.0
0.0
0.0
0.0
0.0
0.0
0.0
0.0
0.0
0.0
0.0
0.0
0.0
0.0
0.0
0.0
0.0
0.0
0.0
0.0
0.0
0.0
0.0
0.0
0.0
0.0
0.0
0.0
0.0
0.0
0.0
0.0
0.0
0.0
0.0
0.0
0.0
0.0
0.0
0.0
0.0
0.0
0.0
2.0
2.0
1.0
0.0
0.0
0.0
0.0
0.0
0.0
2.0
0.0
0.0
4.0
5.0
10.0
15.0
12.0
29.0
11.0
25.0
46.0
39.0
48.0
65.0
51.0
38.0
70.0
110.0
132.0
131.0
145.0
101.0
121.0
163.0
132.0
178.0
202.0
253.0
296.0
346.0
396.0
260.0
403.0
375.0
442.0
353.0
385.0
448.0
450.0
578.0
622.0
764.0
511.0
729.0
1043.0
1089.0
1239.0
970.0
835.0
852.0
1223.0
1047.0
1425.0
1515.0
1349.0
1383.0
1434.0
1120.0
1609.0
1982.0
1906.0
1938.0
1562.0
1305.0
1997.0
1862.0
2409.0
2437.0
2112.0
2075.0
