0.0
0.0
0.0
0.0
0.0
0.0
0.0
0.0
0.0
0.0
0.0
0.0
0.0
0.0
0.0
0.0
0.0
0.0
0.0
0.0
0.0
0.0
0.0
0.0
0.0
0.0
0.0
0.0
0.0
0.0
0.0
0.0
0.0
0.0
0.0
0.0
0.0
0.0
0.0
0.0
0.0
0.0
0.0
0.0
0.0
0.0
0.0
0.0
0.0
0.0
0.0
0.0
0.0
0.0
0.0
0.0
2.0
2.0
0.0
2.0
0.0
0.0
0.0
1.0
8.0
1.0
2.0
0.0
2.0
0.0
2.0
2.0
0.0
15.0
0.0
9.0
4.0
3.0
11.0
18.0
15.0
10.0
22.0
21.0
15.0
12.0
13.0
18.0
21.0
0.0
46.0
21.0
73.0
48.0
0.0
38.0
27.0
62.0
53.0
214.0
97.0
0.0
109.0
50.0
111.0
86.0
242.0
0.0
106.0
102.0
74.0
115.0
93.0
51.0
82.0
143.0
74.0
99.0
36.0
85.0
69.0
98.0
168.0
55.0
154.0
112.0
175.0
175.0
147.0
298.0
322.0
284.0
404.0
157.0
