0.0
0.0
0.0
0.0
0.0
0.0
0.0
0.0
0.0
0.0
0.0
0.0
0.0
0.0
0.0
0.0
0.0
0.0
0.0
0.0
0.0
0.0
0.0
0.0
0.0
0.0
0.0
0.0
0.0
0.0
0.0
0.0
0.0
0.0
0.0
0.0
0.0
0.0
0.0
0.0
0.0
0.0
0.0
0.0
0.0
0.0
0.0
0.0
0.0
0.0
0.0
0.0
0.0
0.0
0.0
0.0
0.0
0.0
2.0
0.0
0.0
2.0
0.0
1.0
1.0
10.0
0.0
4.0
1.0
0.0
9.0
1.0
156.0
0.0
115.0
176.0
17.0
151.0
138.0
103.0
104.0
66.0
140.0
0.0
211.0
118.0
99.0
414.0
252.0
0.0
0.0
159.0
827.0
587.0
208.0
250.0
279.0
187.0
250.0
336.0
342.0
272.0
517.0
520.0
456.0
512.0
425.0
798.0
533.0
0.0
1406.0
785.0
783.0
605.0
751.0
806.0
874.0
1058.0
1297.0
989.0
1083.0
1315.0
1049.0
1523.0
1764.0
1637.0
1991.0
1476.0
1140.0
2255.0
1452.0
1430.0
1581.0
1352.0
1974.0
