0.0
0.0
0.0
0.0
0.0
0.0
0.0
0.0
0.0
0.0
0.0
0.0
0.0
0.0
0.0
0.0
0.0
0.0
0.0
0.0
0.0
0.0
0.0
0.0
0.0
0.0
0.0
0.0
0.0
0.0
1.0
0.0
0.0
1.0
0.0
0.0
0.0
1.0
0.0
0.0
0.0
0.0
0.0
0.0
0.0
0.0
0.0
0.0
0.0
0.0
0.0
0.0
0.0
0.0
0.0
0.0
0.0
0.0
0.0
0.0
0.0
0.0
0.0
2.0
1.0
4.0
23.0
0.0
16.0
3.0
12.0
47.0
29.0
2.0
45.0
15.0
28.0
0.0
150.0
0.0
82.0
90.0
84.0
71.0
96.0
272.0
343.0
666.0
0.0
227.0
322.0
385.0
76.0
152.0
414.0
104.0
106.0
206.0
0.0
352.0
220.0
284.0
291.0
230.0
207.0
218.0
209.0
172.0
200.0
140.0
111.0
271.0
211.0
102.0
285.0
198.0
181.0
254.0
276.0
284.0
156.0
295.0
262.0
199.0
320.0
339.0
120.0
147.0
184.0
292.0
264.0
268.0
258.0
215.0
214.0
208.0
