0.0
0.0
0.0
0.0
0.0
0.0
0.0
0.0
0.0
0.0
0.0
0.0
0.0
0.0
0.0
0.0
0.0
0.0
0.0
0.0
0.0
0.0
0.0
0.0
0.0
0.0
0.0
0.0
0.0
0.0
0.0
0.0
0.0
0.0
0.0
0.0
0.0
0.0
0.0
0.0
0.0
0.0
0.0
0.0
0.0
0.0
0.0
0.0
0.0
0.0
0.0
0.0
0.0
0.0
0.0
0.0
0.0
0.0
1.0
0.0
2.0
0.0
0.0
1.0
2.0
1.0
6.0
2.0
2.0
8.0
20.0
19.0
25.0
24.0
26.0
45.0
33.0
43.0
17.0
31.0
59.0
66.0
143.0
186.0
144.0
123.0
263.0
160.0
308.0
192.0
293.0
215.0
278.0
445.0
430.0
251.0
193.0
360.0
344.0
441.0
265.0
523.0
310.0
333.0
246.0
337.0
491.0
360.0
351.0
328.0
190.0
306.0
468.0
386.0
321.0
218.0
401.0
303.0
277.0
362.0
262.0
327.0
165.0
431.0
349.0
325.0
270.0
392.0
312.0
320.0
231.0
226.0
190.0
224.0
245.0
190.0
267.0
167.0
