0.0
0.0
0.0
0.0
0.0
0.0
0.0
0.0
0.0
0.0
0.0
0.0
0.0
0.0
0.0
0.0
0.0
0.0
0.0
0.0
0.0
0.0
0.0
0.0
3.0
0.0
1.0
0.0
1.0
2.0
3.0
3.0
3.0
2.0
0.0
0.0
6.0
4.0
2.0
3.0
7.0
3.0
2.0
2.0
3.0
8.0
9.0
5.0
3.0
2.0
4.0
3.0
1.0
1.0
3.0
0.0
1.0
1.0
2.0
3.0
2.0
4.0
4.0
2.0
2.0
2.0
5.0
13.0
8.0
12.0
10.0
6.0
12.0
9.0
13.0
14.0
12.0
17.0
23.0
47.0
32.0
40.0
47.0
23.0
54.0
49.0
10.0
26.0
138.0
71.0
41.0
0.0
35.0
121.0
49.0
65.0
75.0
120.0
66.0
106.0
142.0
286.0
0.0
390.0
233.0
386.0
334.0
447.0
728.0
623.0
942.0
596.0
1426.0
1111.0
1016.0
1037.0
0.0
1515.0
931.0
799.0
528.0
690.0
528.0
932.0
447.0
657.0
573.0
632.0
788.0
741.0
768.0
753.0
876.0
451.0
884.0
675.0
752.0
793.0
465.0
682.0
