0.0
0.0
0.0
0.0
0.0
0.0
0.0
0.0
0.0
0.0
0.0
0.0
0.0
0.0
0.0
0.0
0.0
0.0
0.0
0.0
0.0
0.0
0.0
0.0
0.0
0.0
0.0
0.0
1.0
0.0
1.0
1.0
4.0
0.0
6.0
4.0
7.0
0.0
27.0
11.0
23.0
31.0
34.0
55.0
35.0
34.0
128.0
155.0
152.0
218.0
243.0
17.0
93.0
46.0
27.0
27.0
82.0
43.0
80.0
70.0
31.0
63.0
96.0
89.0
69.0
25.0
145.0
99.0
143.0
91.0
99.0
178.0
251.0
124.0
142.0
165.0
170.0
318.0
267.0
141.0
185.0
247.0
203.0
354.0
297.0
304.0
385.0
447.0
437.0
352.0
236.0
424.0
663.0
525.0
595.0
637.0
698.0
724.0
665.0
785.0
831.0
1160.0
