0.0
0.0
0.0
0.0
0.0
0.0
0.0
0.0
0.0
0.0
0.0
0.0
0.0
0.0
0.0
0.0
0.0
0.0
0.0
0.0
0.0
0.0
0.0
0.0
0.0
0.0
0.0
0.0
0.0
0.0
0.0
0.0
0.0
0.0
0.0
0.0
0.0
0.0
0.0
0.0
0.0
0.0
0.0
0.0
0.0
0.0
0.0
0.0
0.0
0.0
0.0
0.0
0.0
0.0
0.0
0.0
0.0
1.0
0.0
7.0
4.0
6.0
6.0
6.0
7.0
20.0
30.0
122.0
55.0
68.0
42.0
116.0
152.0
212.0
267.0
238.0
841.0
0.0
450.0
360.0
878.0
952.0
1237.0
894.0
1044.0
774.0
925.0
1000.0
1390.0
1048.0
1122.0
1138.0
696.0
962.0
1124.0
1033.0
974.0
821.0
552.0
590.0
546.0
785.0
733.0
592.0
400.0
279.0
254.0
583.0
315.0
346.0
325.0
336.0
168.0
155.0
205.0
228.0
181.0
216.0
167.0
103.0
100.0
143.0
179.0
119.0
112.0
88.0
76.0
28.0
51.0
66.0
81.0
44.0
54.0
39.0
36.0
33.0
50.0
51.0
58.0
15.0
