0.0
0.0
0.0
0.0
0.0
0.0
0.0
0.0
0.0
0.0
0.0
0.0
0.0
0.0
0.0
0.0
0.0
0.0
0.0
0.0
0.0
0.0
0.0
0.0
0.0
0.0
0.0
0.0
0.0
0.0
0.0
2.0
0.0
0.0
0.0
0.0
0.0
0.0
1.0
0.0
1.0
0.0
4.0
0.0
1.0
0.0
0.0
0.0
0.0
0.0
0.0
0.0
0.0
0.0
0.0
4.0
0.0
0.0
0.0
3.0
2.0
5.0
13.0
4.0
11.0
34.0
30.0
48.0
43.0
67.0
48.0
52.0
83.0
134.0
117.0
433.0
251.0
152.0
407.0
680.0
647.0
706.0
1035.0
665.0
967.0
1427.0
1452.0
2129.0
2885.0
2546.0
2433.0
2619.0
3009.0
4324.0
4244.0
4450.0
3735.0
5903.0
3802.0
3634.0
5491.0
4344.0
5195.0
8719.0
5288.0
4342.0
5252.0
4603.0
4617.0
5599.0
5525.0
5850.0
4676.0
4301.0
4451.0
4583.0
5386.0
4913.0
4463.0
4309.0
3996.0
4076.0
6032.0
6201.0
4806.0
4339.0
3985.0
4406.0
6211.0
5514.0
4649.0
3896.0
3923.0
3877.0
3403.0
3242.0
3446.0
3560.0
3450.0
3534.0
