0.0
0.0
0.0
0.0
0.0
0.0
0.0
0.0
0.0
0.0
0.0
0.0
0.0
0.0
0.0
0.0
0.0
0.0
0.0
0.0
0.0
0.0
0.0
0.0
0.0
0.0
0.0
1.0
0.0
0.0
3.0
0.0
0.0
1.0
0.0
0.0
0.0
0.0
0.0
2.0
0.0
0.0
1.0
0.0
0.0
0.0
0.0
0.0
1.0
0.0
0.0
0.0
0.0
2.0
2.0
0.0
0.0
0.0
0.0
6.0
0.0
2.0
0.0
6.0
2.0
16.0
14.0
15.0
11.0
0.0
1.0
12.0
15.0
0.0
27.0
0.0
13.0
0.0
45.0
50.0
85.0
0.0
72.0
63.0
0.0
143.0
53.0
0.0
360.0
0.0
481.0
294.0
277.0
283.0
300.0
331.0
370.0
376.0
387.0
398.0
412.0
432.0
460.0
0.0
477.0
479.0
484.0
490.0
483.0
518.0
525.0
532.0
536.0
490.0
541.0
549.0
552.0
557.0
561.0
564.0
567.0
462.0
546.0
502.0
553.0
624.0
781.0
680.0
783.0
725.0
698.0
747.0
796.0
731.0
