0.0
0.0
0.0
0.0
0.0
0.0
0.0
0.0
0.0
0.0
0.0
0.0
0.0
0.0
0.0
0.0
0.0
0.0
0.0
0.0
0.0
0.0
0.0
0.0
0.0
0.0
0.0
0.0
0.0
0.0
0.0
0.0
0.0
0.0
0.0
0.0
0.0
0.0
0.0
0.0
0.0
0.0
0.0
0.0
0.0
0.0
0.0
0.0
0.0
0.0
0.0
0.0
0.0
0.0
0.0
0.0
1.0
0.0
0.0
0.0
0.0
0.0
0.0
3.0
3.0
3.0
6.0
5.0
1.0
0.0
0.0
2.0
0.0
10.0
6.0
2.0
33.0
0.0
16.0
15.0
8.0
27.0
25.0
26.0
43.0
0.0
35.0
29.0
38.0
30.0
56.0
61.0
37.0
34.0
52.0
58.0
49.0
70.0
10.0
51.0
63.0
88.0
35.0
61.0
84.0
105.0
70.0
112.0
68.0
172.0
124.0
122.0
222.0
164.0
134.0
235.0
190.0
330.0
168.0
171.0
215.0
255.0
369.0
285.0
280.0
259.0
113.0
1063.0
0.0
262.0
