0.0
0.0
0.0
0.0
0.0
0.0
0.0
0.0
0.0
0.0
0.0
0.0
0.0
0.0
0.0
0.0
0.0
0.0
0.0
0.0
0.0
0.0
0.0
0.0
0.0
0.0
0.0
0.0
0.0
0.0
0.0
0.0
0.0
0.0
0.0
0.0
0.0
0.0
0.0
0.0
0.0
0.0
0.0
0.0
0.0
0.0
0.0
0.0
0.0
0.0
0.0
0.0
0.0
0.0
0.0
0.0
0.0
0.0
0.0
0.0
1.0
0.0
2.0
3.0
3.0
2.0
2.0
0.0
6.0
0.0
0.0
9.0
6.0
10.0
0.0
9.0
12.0
7.0
15.0
6.0
29.0
43.0
17.0
27.0
64.0
25.0
61.0
41.0
43.0
78.0
63.0
57.0
76.0
105.0
104.0
65.0
67.0
40.0
50.0
49.0
56.0
30.0
57.0
33.0
25.0
38.0
44.0
38.0
30.0
44.0
25.0
28.0
33.0
39.0
49.0
38.0
50.0
40.0
38.0
52.0
76.0
67.0
77.0
75.0
143.0
97.0
70.0
104.0
65.0
121.0
101.0
158.0
136.0
