0.0
0.0
0.0
0.0
0.0
0.0
0.0
0.0
0.0
0.0
0.0
0.0
0.0
0.0
0.0
0.0
0.0
0.0
0.0
0.0
0.0
0.0
0.0
0.0
0.0
0.0
0.0
0.0
0.0
0.0
0.0
0.0
0.0
0.0
0.0
0.0
0.0
0.0
0.0
0.0
0.0
0.0
0.0
0.0
0.0
0.0
0.0
0.0
0.0
0.0
0.0
0.0
0.0
0.0
0.0
1.0
1.0
21.0
10.0
0.0
5.0
3.0
6.0
2.0
3.0
0.0
4.0
7.0
16.0
30.0
1.0
52.0
0.0
48.0
1.0
3.0
7.0
16.0
19.0
13.0
16.0
21.0
28.0
5.0
51.0
29.0
39.0
8.0
7.0
27.0
15.0
52.0
2.0
74.0
0.0
45.0
12.0
56.0
55.0
12.0
64.0
111.0
42.0
96.0
225.0
167.0
145.0
27.0
44.0
29.0
100.0
34.0
66.0
34.0
210.0
301.0
71.0
58.0
76.0
88.0
110.0
119.0
130.0
114.0
99.0
150.0
187.0
214.0
265.0
245.0
330.0
167.0
295.0
295.0
285.0
382.0
385.0
164.0
209.0
