0.0
0.0
0.0
0.0
0.0
0.0
0.0
0.0
0.0
0.0
0.0
0.0
0.0
0.0
0.0
0.0
0.0
0.0
0.0
0.0
0.0
0.0
0.0
0.0
0.0
0.0
0.0
0.0
0.0
0.0
0.0
0.0
0.0
0.0
0.0
0.0
0.0
0.0
0.0
0.0
0.0
0.0
0.0
0.0
0.0
0.0
0.0
0.0
0.0
0.0
0.0
0.0
0.0
0.0
0.0
0.0
0.0
1.0
0.0
0.0
0.0
1.0
0.0
0.0
0.0
1.0
5.0
5.0
0.0
12.0
0.0
9.0
18.0
25.0
21.0
23.0
79.0
34.0
57.0
137.0
193.0
283.0
224.0
418.0
345.0
310.0
232.0
482.0
502.0
487.0
352.0
323.0
1138.0
1119.0
1074.0
1146.0
1222.0
852.0
926.0
1661.0
2210.0
1930.0
1781.0
1089.0
1442.0
1261.0
1832.0
3058.0
2105.0
3257.0
2917.0
2055.0
1927.0
2498.0
2678.0
3735.0
3503.0
5514.0
3379.0
4613.0
5385.0
6276.0
7218.0
6209.0
4970.0
4588.0
6633.0
6935.0
10503.0
9888.0
10222.0
10611.0
6760.0
5632.0
9258.0
11385.0
13944.0
15305.0
14919.0
7938.0
