0.0
0.0
0.0
0.0
0.0
0.0
0.0
0.0
0.0
0.0
0.0
0.0
0.0
0.0
0.0
0.0
0.0
0.0
0.0
0.0
0.0
0.0
0.0
0.0
0.0
0.0
1.0
0.0
1.0
1.0
0.0
0.0
1.0
0.0
0.0
0.0
1.0
0.0
2.0
0.0
0.0
0.0
0.0
0.0
0.0
0.0
1.0
0.0
0.0
0.0
0.0
0.0
1.0
0.0
0.0
0.0
2.0
0.0
1.0
2.0
2.0
4.0
4.0
3.0
3.0
3.0
12.0
6.0
6.0
5.0
15.0
16.0
10.0
35.0
38.0
68.0
60.0
120.0
145.0
121.0
156.0
125.0
331.0
128.0
216.0
313.0
1426.0
633.0
657.0
711.0
869.0
1169.0
1112.0
1059.0
1673.0
1251.0
1363.0
1614.0
1157.0
1230.0
1391.0
1474.0
1385.0
1168.0
1064.0
1298.0
1383.0
1318.0
1717.0
1791.0
1469.0
1436.0
2046.0
1590.0
1766.0
1920.0
1778.0
1464.0
1543.0
1605.0
1526.0
1572.0
1649.0
1825.0
1653.0
2760.0
1298.0
1274.0
1450.0
1426.0
1512.0
1268.0
1146.0
1133.0
1176.0
1121.0
1123.0
1201.0
1251.0
1138.0
