0.0
0.0
0.0
0.0
0.0
0.0
0.0
0.0
0.0
0.0
0.0
0.0
0.0
0.0
0.0
0.0
0.0
0.0
0.0
0.0
0.0
0.0
0.0
0.0
0.0
0.0
0.0
0.0
0.0
0.0
0.0
0.0
0.0
0.0
0.0
0.0
0.0
0.0
0.0
0.0
0.0
0.0
0.0
0.0
0.0
0.0
0.0
0.0
0.0
0.0
0.0
0.0
0.0
0.0
0.0
0.0
0.0
0.0
0.0
0.0
0.0
0.0
3.0
2.0
0.0
3.0
4.0
7.0
7.0
6.0
8.0
23.0
31.0
22.0
34.0
64.0
84.0
46.0
90.0
88.0
172.0
210.0
91.0
170.0
71.0
158.0
260.0
408.0
217.0
384.0
166.0
173.0
306.0
281.0
269.0
332.0
282.0
115.0
235.0
195.0
295.0
257.0
163.0
170.0
89.0
68.0
82.0
162.0
130.0
116.0
105.0
133.0
127.0
127.0
95.0
52.0
85.0
79.0
52.0
45.0
55.0
75.0
103.0
55.0
18.0
26.0
38.0
77.0
78.0
57.0
46.0
18.0
28.0
53.0
45.0
48.0
82.0
55.0
49.0
20.0
