0.0
0.0
0.0
0.0
0.0
0.0
0.0
0.0
0.0
0.0
0.0
0.0
0.0
0.0
0.0
0.0
0.0
0.0
0.0
0.0
0.0
0.0
0.0
0.0
0.0
0.0
0.0
0.0
0.0
0.0
1.0
0.0
0.0
1.0
0.0
1.0
0.0
0.0
0.0
0.0
0.0
0.0
0.0
0.0
0.0
0.0
0.0
0.0
0.0
0.0
0.0
0.0
0.0
0.0
0.0
0.0
0.0
0.0
0.0
0.0
0.0
0.0
0.0
2.0
1.0
22.0
1.0
2.0
3.0
10.0
6.0
23.0
2.0
8.0
7.0
3.0
32.0
12.0
28.0
26.0
40.0
89.0
119.0
53.0
70.0
87.0
75.0
149.0
106.0
92.0
180.0
146.0
568.0
336.0
601.0
472.0
693.0
354.0
773.0
540.0
678.0
1035.0
909.0
796.0
1211.0
1075.0
942.0
1007.0
991.0
1334.0
1553.0
1335.0
1384.0
1409.0
1684.0
1429.0
1990.0
1396.0
1543.0
1897.0
1718.0
1993.0
2293.0
2644.0
2553.0
3900.0
2958.0
3561.0
3390.0
3320.0
3277.0
4213.0
3604.0
3525.0
3722.0
3967.0
3970.0
4987.0
5242.0
