0.0
0.0
0.0
0.0
0.0
0.0
0.0
0.0
0.0
0.0
0.0
0.0
0.0
0.0
0.0
0.0
0.0
0.0
0.0
0.0
0.0
0.0
0.0
0.0
0.0
0.0
0.0
0.0
0.0
0.0
0.0
0.0
0.0
0.0
0.0
0.0
0.0
0.0
0.0
0.0
0.0
0.0
0.0
0.0
0.0
0.0
0.0
0.0
0.0
0.0
0.0
0.0
0.0
0.0
0.0
0.0
0.0
0.0
0.0
0.0
0.0
1.0
0.0
1.0
4.0
7.0
5.0
1.0
2.0
0.0
14.0
8.0
27.0
21.0
38.0
40.0
54.0
69.0
74.0
191.0
126.0
102.0
121.0
219.0
204.0
235.0
255.0
302.0
294.0
200.0
295.0
325.0
212.0
402.0
424.0
331.0
507.0
253.0
345.0
515.0
1169.0
696.0
839.0
727.0
992.0
832.0
1068.0
724.0
709.0
778.0
493.0
401.0
388.0
631.0
936.0
577.0
377.0
701.0
386.0
229.0
376.0
359.0
221.0
343.0
330.0
216.0
261.0
265.0
137.0
156.0
219.0
236.0
139.0
107.0
159.0
426.0
129.0
92.0
64.0
