0.0
0.0
0.0
0.0
0.0
0.0
0.0
0.0
0.0
0.0
0.0
0.0
0.0
0.0
0.0
0.0
0.0
0.0
0.0
0.0
0.0
0.0
0.0
0.0
0.0
0.0
0.0
0.0
0.0
0.0
0.0
3.0
0.0
0.0
0.0
0.0
0.0
0.0
0.0
0.0
0.0
0.0
0.0
0.0
0.0
0.0
0.0
0.0
0.0
0.0
0.0
0.0
0.0
14.0
62.0
53.0
97.0
93.0
78.0
250.0
238.0
240.0
561.0
347.0
466.0
587.0
769.0
778.0
1247.0
1492.0
1797.0
977.0
2313.0
2651.0
2547.0
3497.0
2823.0
4000.0
3526.0
4207.0
5322.0
5986.0
6557.0
5560.0
4789.0
5249.0
5210.0
6153.0
5959.0
5974.0
5217.0
4050.0
4053.0
4782.0
4668.0
4585.0
4805.0
4316.0
3599.0
3039.0
3836.0
4204.0
3951.0
4694.0
4092.0
3153.0
2972.0
2667.0
3786.0
3493.0
3491.0
3047.0
2256.0
2729.0
3370.0
2646.0
3021.0
2357.0
2324.0
1739.0
2091.0
2086.0
1872.0
1965.0
1900.0
1389.0
1221.0
1075.0
1444.0
1401.0
1327.0
1083.0
802.0
744.0
1402.0
888.0
992.0
789.0
875.0
675.0
