0.0
0.0
0.0
0.0
0.0
0.0
0.0
0.0
0.0
0.0
0.0
0.0
0.0
0.0
0.0
0.0
0.0
0.0
0.0
0.0
0.0
0.0
0.0
0.0
0.0
0.0
0.0
0.0
0.0
0.0
0.0
0.0
0.0
0.0
0.0
0.0
0.0
0.0
0.0
0.0
0.0
0.0
0.0
0.0
0.0
0.0
0.0
0.0
0.0
0.0
0.0
0.0
0.0
0.0
0.0
3.0
2.0
6.0
15.0
17.0
2.0
0.0
1.0
10.0
2.0
3.0
3.0
1.0
4.0
3.0
8.0
20.0
4.0
8.0
11.0
7.0
12.0
6.0
11.0
17.0
12.0
1.0
2.0
4.0
13.0
17.0
10.0
20.0
11.0
23.0
28.0
25.0
0.0
137.0
77.0
109.0
78.0
112.0
55.0
83.0
161.0
80.0
66.0
55.0
50.0
119.0
134.0
94.0
163.0
80.0
85.0
168.0
151.0
215.0
278.0
183.0
213.0
152.0
300.0
284.0
353.0
242.0
364.0
295.0
526.0
485.0
278.0
641.0
415.0
1065.0
598.0
991.0
751.0
947.0
885.0
942.0
1048.0
