0.0
0.0
0.0
0.0
0.0
0.0
0.0
0.0
0.0
0.0
0.0
0.0
0.0
0.0
0.0
0.0
0.0
0.0
0.0
0.0
0.0
0.0
0.0
0.0
0.0
0.0
0.0
0.0
0.0
0.0
0.0
0.0
0.0
0.0
0.0
0.0
0.0
0.0
0.0
0.0
0.0
0.0
0.0
0.0
0.0
0.0
0.0
0.0
0.0
0.0
0.0
0.0
0.0
0.0
0.0
0.0
0.0
0.0
0.0
1.0
0.0
0.0
0.0
0.0
0.0
0.0
0.0
0.0
0.0
0.0
0.0
2.0
0.0
0.0
3.0
3.0
5.0
3.0
8.0
8.0
15.0
21.0
36.0
38.0
36.0
30.0
65.0
25.0
59.0
36.0
90.0
0.0
49.0
48.0
68.0
122.0
0.0
40.0
32.0
37.0
32.0
43.0
44.0
54.0
9.0
8.0
0.0
21.0
58.0
90.0
59.0
28.0
24.0
20.0
28.0
12.0
0.0
16.0
12.0
11.0
-105.0
31.0
10.0
14.0
7.0
4.0
9.0
4.0
5.0
5.0
3.0
8.0
35.0
6.0
6.0
14.0
6.0
12.0
11.0
7.0
