0.0
0.0
0.0
0.0
0.0
0.0
0.0
0.0
0.0
0.0
0.0
0.0
0.0
0.0
0.0
0.0
0.0
0.0
0.0
0.0
0.0
0.0
0.0
0.0
0.0
0.0
0.0
0.0
0.0
0.0
0.0
0.0
0.0
0.0
0.0
0.0
0.0
0.0
0.0
0.0
0.0
0.0
0.0
0.0
0.0
0.0
0.0
0.0
0.0
0.0
0.0
0.0
0.0
0.0
0.0
0.0
0.0
0.0
1.0
0.0
0.0
0.0
0.0
2.0
4.0
2.0
4.0
0.0
6.0
12.0
11.0
6.0
22.0
15.0
29.0
22.0
12.0
29.0
24.0
18.0
22.0
18.0
26.0
44.0
25.0
0.0
76.0
53.0
0.0
87.0
29.0
18.0
46.0
48.0
49.0
68.0
26.0
54.0
66.0
107.0
36.0
53.0
37.0
18.0
6.0
28.0
41.0
26.0
41.0
19.0
13.0
22.0
21.0
23.0
29.0
12.0
5.0
7.0
8.0
13.0
33.0
14.0
36.0
20.0
22.0
10.0
20.0
29.0
17.0
22.0
30.0
