0.0
0.0
0.0
0.0
0.0
0.0
0.0
0.0
0.0
0.0
0.0
0.0
0.0
0.0
0.0
0.0
0.0
0.0
0.0
0.0
0.0
0.0
0.0
0.0
0.0
3.0
1.0
0.0
0.0
3.0
0.0
1.0
0.0
0.0
0.0
0.0
2.0
2.0
2.0
1.0
1.0
2.0
0.0
0.0
0.0
1.0
2.0
1.0
0.0
0.0
0.0
0.0
0.0
0.0
0.0
0.0
0.0
0.0
0.0
1.0
2.0
0.0
4.0
0.0
7.0
14.0
0.0
33.0
10.0
6.0
18.0
12.0
20.0
9.0
39.0
41.0
190.0
125.0
120.0
117.0
110.0
130.0
153.0
123.0
212.0
106.0
172.0
235.0
130.0
159.0
150.0
156.0
140.0
142.0
208.0
217.0
150.0
179.0
131.0
170.0
156.0
109.0
118.0
184.0
153.0
134.0
170.0
85.0
110.0
69.0
54.0
84.0
36.0
57.0
50.0
71.0
88.0
51.0
38.0
40.0
31.0
94.0
57.0
69.0
105.0
122.0
55.0
30.0
45.0
39.0
68.0
54.0
67.0
70.0
16.0
37.0
40.0
36.0
17.0
22.0
