0.0
0.0
0.0
0.0
0.0
0.0
0.0
0.0
0.0
0.0
0.0
0.0
0.0
0.0
0.0
0.0
0.0
0.0
0.0
0.0
0.0
0.0
0.0
0.0
0.0
1.0
0.0
0.0
0.0
0.0
0.0
0.0
0.0
0.0
0.0
0.0
0.0
0.0
0.0
0.0
0.0
0.0
0.0
0.0
0.0
0.0
0.0
0.0
0.0
0.0
0.0
0.0
0.0
0.0
0.0
0.0
0.0
0.0
0.0
0.0
0.0
0.0
0.0
0.0
0.0
0.0
0.0
0.0
0.0
0.0
0.0
0.0
0.0
0.0
0.0
0.0
0.0
0.0
0.0
0.0
0.0
0.0
0.0
0.0
1.0
1.0
0.0
0.0
0.0
2.0
0.0
0.0
0.0
0.0
0.0
1.0
0.0
3.0
0.0
0.0
0.0
0.0
0.0
0.0
3.0
2.0
2.0
0.0
0.0
14.0
1.0
0.0
0.0
11.0
3.0
3.0
1.0
0.0
3.0
0.0
2.0
3.0
0.0
2.0
0.0
16.0
7.0
0.0
17.0
2.0
0.0
8.0
11.0
14.0
83.0
2.0
39.0
18.0
15.0
13.0
