0.0
0.0
0.0
0.0
0.0
0.0
0.0
0.0
0.0
0.0
0.0
0.0
0.0
0.0
0.0
0.0
0.0
0.0
0.0
0.0
0.0
0.0
0.0
0.0
0.0
0.0
0.0
0.0
0.0
0.0
0.0
0.0
0.0
0.0
0.0
0.0
0.0
0.0
0.0
0.0
0.0
0.0
0.0
0.0
0.0
0.0
0.0
0.0
0.0
0.0
0.0
0.0
0.0
0.0
0.0
0.0
0.0
0.0
0.0
1.0
1.0
5.0
6.0
5.0
10.0
10.0
44.0
46.0
60.0
77.0
56.0
61.0
121.0
111.0
190.0
155.0
176.0
278.0
292.0
346.0
409.0
534.0
637.0
573.0
545.0
811.0
852.0
1019.0
1172.0
1159.0
1104.0
884.0
845.0
1019.0
1083.0
1026.0
904.0
1224.0
952.0
777.0
969.0
1213.0
1335.0
1316.0
1174.0
964.0
868.0
734.0
1061.0
1235.0
1140.0
1066.0
750.0
729.0
708.0
887.0
806.0
655.0
655.0
400.0
171.0
386.0
514.0
475.0
445.0
335.0
199.0
317.0
232.0
455.0
319.0
289.0
245.0
161.0
196.0
227.0
270.0
200.0
189.0
125.0
