0.0
0.0
0.0
0.0
0.0
0.0
0.0
0.0
0.0
0.0
0.0
0.0
0.0
0.0
0.0
0.0
0.0
0.0
0.0
0.0
0.0
0.0
0.0
0.0
0.0
0.0
0.0
0.0
0.0
0.0
0.0
0.0
0.0
0.0
0.0
0.0
0.0
0.0
0.0
0.0
0.0
0.0
0.0
0.0
0.0
0.0
0.0
0.0
0.0
0.0
0.0
0.0
0.0
0.0
0.0
0.0
0.0
0.0
0.0
1.0
0.0
0.0
0.0
1.0
1.0
1.0
1.0
0.0
0.0
0.0
0.0
0.0
1.0
2.0
0.0
0.0
12.0
8.0
11.0
14.0
13.0
36.0
40.0
47.0
73.0
76.0
78.0
60.0
76.0
95.0
0.0
76.0
49.0
52.0
48.0
39.0
32.0
26.0
23.0
23.0
20.0
14.0
15.0
8.0
6.0
6.0
2.0
8.0
4.0
7.0
2.0
5.0
0.0
2.0
3.0
4.0
1.0
2.0
2.0
3.0
3.0
2.0
2.0
1.0
0.0
1.0
1.0
2.0
1.0
2.0
3.0
0.0
0.0
0.0
1.0
0.0
1.0
0.0
