0.0
0.0
0.0
0.0
0.0
0.0
0.0
0.0
0.0
0.0
0.0
0.0
0.0
0.0
0.0
0.0
0.0
0.0
0.0
0.0
0.0
0.0
0.0
0.0
0.0
0.0
0.0
0.0
0.0
0.0
0.0
0.0
0.0
0.0
0.0
0.0
0.0
0.0
0.0
0.0
0.0
0.0
0.0
0.0
0.0
0.0
0.0
0.0
0.0
0.0
0.0
0.0
0.0
0.0
0.0
0.0
0.0
0.0
0.0
1.0
0.0
0.0
0.0
1.0
0.0
0.0
0.0
1.0
5.0
0.0
4.0
10.0
8.0
10.0
4.0
7.0
14.0
16.0
16.0
0.0
34.0
0.0
20.0
23.0
16.0
20.0
22.0
6.0
16.0
22.0
12.0
17.0
13.0
5.0
20.0
30.0
34.0
35.0
51.0
49.0
85.0
38.0
117.0
91.0
108.0
114.0
87.0
91.0
64.0
195.0
196.0
204.0
238.0
218.0
170.0
244.0
148.0
195.0
381.0
386.0
239.0
248.0
242.0
146.0
184.0
191.0
283.0
176.0
338.0
