0.0
0.0
0.0
0.0
0.0
0.0
0.0
0.0
0.0
0.0
0.0
0.0
0.0
0.0
0.0
0.0
0.0
0.0
0.0
0.0
0.0
0.0
0.0
0.0
0.0
0.0
0.0
0.0
0.0
0.0
0.0
0.0
0.0
0.0
0.0
0.0
0.0
0.0
0.0
0.0
0.0
0.0
0.0
0.0
0.0
0.0
0.0
0.0
0.0
0.0
0.0
0.0
0.0
0.0
0.0
0.0
0.0
0.0
1.0
3.0
2.0
9.0
4.0
6.0
8.0
23.0
30.0
27.0
34.0
22.0
23.0
85.0
212.0
132.0
0.0
286.0
170.0
92.0
139.0
115.0
129.0
190.0
184.0
206.0
239.0
195.0
350.0
240.0
425.0
264.0
257.0
124.0
221.0
218.0
270.0
273.0
302.0
130.0
115.0
108.0
147.0
150.0
84.0
76.0
95.0
73.0
78.0
111.0
114.0
0.0
193.0
84.0
45.0
53.0
84.0
95.0
63.0
59.0
38.0
28.0
72.0
62.0
43.0
49.0
0.0
50.0
38.0
56.0
50.0
42.0
39.0
35.0
30.0
7.0
29.0
23.0
17.0
22.0
0.0
0.0
