0.0
0.0
0.0
0.0
0.0
0.0
0.0
0.0
0.0
0.0
0.0
0.0
0.0
0.0
0.0
0.0
0.0
0.0
0.0
0.0
0.0
0.0
0.0
0.0
0.0
0.0
0.0
0.0
0.0
0.0
0.0
0.0
0.0
0.0
0.0
0.0
0.0
0.0
0.0
0.0
0.0
0.0
0.0
0.0
0.0
0.0
0.0
0.0
0.0
0.0
0.0
0.0
0.0
0.0
0.0
0.0
0.0
0.0
0.0
0.0
0.0
1.0
2.0
5.0
3.0
1.0
3.0
3.0
6.0
238.0
58.0
17.0
64.0
38.0
3.0
10.0
8.0
10.0
11.0
13.0
7.0
25.0
11.0
12.0
13.0
28.0
44.0
59.0
88.0
54.0
114.0
0.0
376.0
279.0
228.0
225.0
153.0
166.0
136.0
216.0
251.0
252.0
197.0
283.0
392.0
560.0
345.0
440.0
567.0
518.0
608.0
623.0
761.0
833.0
929.0
957.0
677.0
643.0
845.0
687.0
776.0
679.0
640.0
951.0
830.0
918.0
1311.0
1130.0
1189.0
1103.0
1526.0
1390.0
1733.0
1153.0
1547.0
1632.0
