0.0
0.0
0.0
0.0
0.0
0.0
0.0
0.0
0.0
0.0
0.0
0.0
0.0
0.0
0.0
0.0
0.0
0.0
0.0
0.0
0.0
0.0
0.0
0.0
0.0
0.0
0.0
0.0
0.0
0.0
0.0
0.0
2.0
0.0
0.0
0.0
0.0
0.0
0.0
0.0
0.0
0.0
0.0
0.0
0.0
0.0
0.0
0.0
0.0
0.0
0.0
0.0
0.0
0.0
0.0
0.0
0.0
0.0
0.0
0.0
0.0
0.0
0.0
1.0
1.0
0.0
0.0
6.0
0.0
0.0
0.0
0.0
15.0
5.0
15.0
14.0
4.0
30.0
21.0
33.0
52.0
54.0
53.0
132.0
0.0
57.0
163.0
182.0
196.0
228.0
270.0
302.0
501.0
440.0
771.0
601.0
582.0
658.0
954.0
1154.0
1175.0
1459.0
1786.0
1667.0
2186.0
2558.0
2774.0
3388.0
3448.0
4070.0
4785.0
6060.0
4268.0
5642.0
5236.0
4774.0
5849.0
5966.0
6361.0
6198.0
6411.0
5841.0
7099.0
7933.0
9623.0
10633.0
10581.0
10102.0
10559.0
11231.0
10699.0
10817.0
11012.0
11656.0
10899.0
10028.0
9974.0
10598.0
9200.0
9709.0
