0.0
0.0
0.0
0.0
0.0
0.0
0.0
0.0
0.0
0.0
0.0
0.0
0.0
0.0
0.0
0.0
0.0
0.0
0.0
0.0
0.0
0.0
0.0
0.0
0.0
0.0
0.0
0.0
0.0
0.0
0.0
0.0
0.0
0.0
0.0
0.0
0.0
0.0
0.0
0.0
0.0
0.0
0.0
0.0
0.0
0.0
0.0
0.0
0.0
0.0
0.0
0.0
0.0
0.0
0.0
0.0
0.0
0.0
0.0
1.0
0.0
0.0
7.0
2.0
5.0
7.0
1.0
3.0
11.0
12.0
13.0
4.0
1.0
6.0
19.0
6.0
4.0
2.0
5.0
17.0
25.0
0.0
0.0
36.0
0.0
21.0
10.0
5.0
1.0
5.0
0.0
1.0
6.0
9.0
6.0
8.0
7.0
11.0
2.0
29.0
25.0
11.0
12.0
0.0
0.0
16.0
20.0
34.0
9.0
20.0
6.0
1.0
14.0
12.0
13.0
12.0
0.0
25.0
0.0
15.0
10.0
6.0
11.0
0.0
2.0
0.0
7.0
19.0
14.0
1.0
14.0
-9.0
0.0
10.0
5.0
5.0
4.0
1.0
1.0
