0.0
0.0
0.0
0.0
0.0
0.0
0.0
0.0
0.0
0.0
0.0
0.0
0.0
0.0
0.0
0.0
0.0
0.0
0.0
0.0
1.0
0.0
0.0
0.0
1.0
0.0
1.0
1.0
0.0
0.0
0.0
3.0
5.0
3.0
0.0
1.0
2.0
5.0
1.0
0.0
1.0
2.0
1.0
0.0
0.0
0.0
0.0
1.0
1.0
1.0
15.0
34.0
75.0
190.0
256.0
161.0
130.0
254.0
449.0
427.0
909.0
595.0
686.0
600.0
516.0
438.0
518.0
483.0
367.0
248.0
131.0
242.0
114.0
110.0
107.0
76.0
74.0
84.0
93.0
152.0
87.0
147.0
98.0
64.0
76.0
100.0
104.0
91.0
146.0
105.0
78.0
125.0
0.0
190.0
86.0
94.0
81.0
47.0
47.0
53.0
39.0
27.0
0.0
62.0
25.0
27.0
27.0
22.0
22.0
18.0
8.0
13.0
9.0
11.0
8.0
6.0
10.0
10.0
10.0
14.0
9.0
4.0
9.0
6.0
13.0
8.0
3.0
2.0
4.0
12.0
18.0
34.0
35.0
27.0
26.0
29.0
27.0
19.0
13.0
15.0
