0.0
0.0
0.0
0.0
0.0
0.0
0.0
0.0
0.0
0.0
0.0
0.0
0.0
0.0
0.0
0.0
0.0
0.0
0.0
0.0
0.0
0.0
0.0
0.0
0.0
0.0
0.0
0.0
0.0
0.0
0.0
0.0
1.0
0.0
0.0
0.0
0.0
0.0
0.0
0.0
0.0
1.0
0.0
0.0
0.0
0.0
0.0
0.0
0.0
0.0
0.0
0.0
0.0
0.0
0.0
0.0
1.0
6.0
8.0
18.0
19.0
28.0
54.0
56.0
75.0
81.0
183.0
233.0
330.0
433.0
772.0
975.0
1153.0
1531.0
1683.0
2144.0
1706.0
2503.0
3694.0
4047.0
4569.0
5446.0
4866.0
4646.0
7691.0
8553.0
8954.0
9181.0
8244.0
6424.0
5813.0
8145.0
7413.0
7583.0
7272.0
6663.0
5533.0
3667.0
5209.0
5583.0
5745.0
4537.0
4550.0
3899.0
3030.0
3116.0
4424.0
3820.0
3818.0
3836.0
-713.0
2218.0
2951.0
2312.0
2916.0
2114.0
2506.0
1641.0
1660.0
1525.0
847.0
1241.0
1387.0
1234.0
935.0
466.0
1039.0
880.0
921.0
1173.0
743.0
3416.0
393.0
482.0
439.0
849.0
643.0
515.0
652.0
