0.0
0.0
0.0
0.0
0.0
0.0
0.0
0.0
0.0
0.0
0.0
0.0
0.0
0.0
0.0
0.0
0.0
0.0
0.0
0.0
0.0
0.0
0.0
0.0
0.0
0.0
0.0
0.0
0.0
0.0
0.0
0.0
1.0
0.0
0.0
0.0
0.0
0.0
0.0
0.0
0.0
0.0
0.0
0.0
0.0
0.0
0.0
0.0
0.0
0.0
0.0
0.0
0.0
0.0
0.0
0.0
0.0
0.0
1.0
5.0
5.0
1.0
1.0
1.0
9.0
11.0
26.0
76.0
24.0
42.0
45.0
78.0
136.0
158.0
155.0
149.0
108.0
89.0
46.0
134.0
122.0
200.0
123.0
160.0
110.0
256.0
238.0
296.0
240.0
401.0
253.0
328.0
407.0
512.0
519.0
612.0
365.0
387.0
376.0
487.0
726.0
722.0
544.0
466.0
332.0
465.0
497.0
482.0
613.0
676.0
606.0
563.0
392.0
545.0
682.0
751.0
812.0
610.0
463.0
286.0
695.0
681.0
790.0
428.0
562.0
235.0
404.0
495.0
702.0
705.0
642.0
656.0
401.0
348.0
602.0
637.0
673.0
625.0
470.0
466.0
