0.0
0.0
0.0
0.0
0.0
0.0
0.0
0.0
0.0
0.0
0.0
0.0
0.0
1.0
0.0
0.0
0.0
1.0
0.0
0.0
0.0
0.0
2.0
0.0
0.0
1.0
0.0
3.0
6.0
0.0
0.0
0.0
5.0
0.0
0.0
0.0
6.0
0.0
0.0
7.0
0.0
0.0
0.0
1.0
0.0
0.0
1.0
0.0
0.0
1.0
0.0
0.0
0.0
0.0
0.0
0.0
2.0
3.0
0.0
0.0
2.0
0.0
1.0
4.0
3.0
9.0
11.0
12.0
0.0
32.0
63.0
0.0
0.0
35.0
154.0
233.0
122.0
106.0
107.0
111.0
91.0
0.0
109.0
143.0
263.0
0.0
120.0
104.0
103.0
191.0
51.0
38.0
111.0
54.0
50.0
45.0
33.0
28.0
34.0
30.0
29.0
28.0
0.0
33.0
32.0
27.0
19.0
28.0
0.0
15.0
68.0
0.0
16.0
0.0
16.0
6.0
0.0
6.0
3.0
18.0
1.0
1.0
3.0
8.0
4.0
11.0
0.0
2.0
0.0
1.0
7.0
3.0
0.0
