0.0
0.0
0.0
0.0
0.0
0.0
0.0
0.0
0.0
0.0
0.0
0.0
0.0
0.0
0.0
0.0
0.0
0.0
0.0
0.0
0.0
1.0
0.0
0.0
0.0
1.0
0.0
3.0
0.0
0.0
0.0
1.0
1.0
1.0
3.0
0.0
0.0
1.0
0.0
0.0
0.0
0.0
1.0
0.0
1.0
1.0
0.0
0.0
0.0
0.0
0.0
0.0
1.0
19.0
0.0
0.0
18.0
0.0
6.0
1.0
6.0
3.0
20.0
14.0
22.0
34.0
74.0
105.0
95.0
121.0
200.0
271.0
287.0
351.0
511.0
777.0
823.0
887.0
1766.0
2988.0
4835.0
5374.0
7123.0
8459.0
11236.0
8789.0
13963.0
16797.0
18695.0
19979.0
18360.0
21595.0
24998.0
27103.0
28819.0
32425.0
34272.0
25398.0
30561.0
30613.0
33323.0
33901.0
35527.0
28391.0
27620.0
25023.0
26922.0
30148.0
31667.0
30833.0
32922.0
24601.0
28065.0
37289.0
17588.0
26543.0
21352.0
48529.0
26857.0
22541.0
24132.0
27326.0
29917.0
33955.0
29288.0
24972.0
22593.0
23841.0
24128.0
28369.0
26957.0
25612.0
20258.0
18117.0
22048.0
20782.0
27143.0
25508.0
24487.0
18873.0
