0.0
0.0
0.0
0.0
0.0
0.0
0.0
0.0
0.0
0.0
0.0
0.0
0.0
0.0
0.0
0.0
0.0
0.0
0.0
0.0
0.0
0.0
0.0
0.0
2.0
0.0
0.0
0.0
0.0
0.0
0.0
3.0
0.0
2.0
1.0
1.0
1.0
0.0
2.0
1.0
1.0
0.0
1.0
0.0
1.0
0.0
0.0
0.0
0.0
0.0
0.0
0.0
0.0
0.0
0.0
0.0
0.0
0.0
0.0
0.0
0.0
0.0
0.0
0.0
0.0
0.0
0.0
1.0
4.0
9.0
4.0
4.0
1.0
5.0
9.0
0.0
4.0
4.0
7.0
8.0
11.0
1.0
7.0
26.0
11.0
5.0
16.0
10.0
8.0
17.0
15.0
3.0
6.0
21.0
3.0
4.0
1.0
4.0
6.0
0.0
4.0
2.0
1.0
4.0
2.0
3.0
1.0
0.0
0.0
0.0
0.0
0.0
0.0
0.0
0.0
2.0
0.0
0.0
0.0
0.0
0.0
0.0
0.0
0.0
0.0
1.0
0.0
0.0
0.0
17.0
0.0
0.0
0.0
0.0
0.0
0.0
24.0
1.0
5.0
2.0
